0 0
1 1
2 8
31 8
3 1
4 2
199 3
5 0
6 1
7 2
8 7
9 6
10 7
11 1
12 5
14 3
19 6
20 7
21 6
22 5
23 6
24 6
25 3
26 6
27 6
28 6
29 6
30 6
32 4
33 6
34 6
35 7
36 7
37 4
38 9
39 10
40 7
41 6
13 1
513 4
514 4
57 5
949 4
70 4
71 7
73 7
74 4
75 5
76 6
79 6
80 7
593 4
594 4
598 4
90 4
605 4
94 9
96 4
609 4
611 4
100 8
101 4
102 5
106 2
128 7
130 10
131 4
644 4
653 4
659 4
148 4
156 4
157 4
158 5
159 4
162 2
163 2
166 4
284 5
684 4
685 5
709 4
710 4
711 4
712 2
715 2
716 4
723 4
724 4
213 4
726 5
219 4
220 4
221 4
736 4
230 4
242 4
244 4
250 4
725 4
256 4
770 4
264 6
265 4
266 5
780 4
783 2
785 4
786 5
283 4
796 4
289 4
290 4
291 4
292 4
825 5
826 4
830 4
833 4
834 4
835 4
837 4
838 4
839 4
341 4
342 4
346 4
349 4
350 4
351 4
354 4
357 4
872 4
318 5
384 10
913 4
412 4
926 4
927 4
928 4
929 4
930 4
931 4
932 4
933 4
934 4
935 4
936 4
937 4
938 4
939 4
940 4
941 4
942 4
943 4
944 4
945 4
946 4
947 4
948 4
437 4
950 4
951 4
952 4
953 5
954 4
955 2
447 4
417 4
420 4
591 4
592 4
484 4
485 5
487 4
82 7
506 2
255 2
15 0
16 2
569 3
17 1
18 2
115 3
321 4
63 11
751 3
288 8
741 9
556 9
142 10
204 5
905 8
1005 8
206 8
549 9
211 5
212 9
356 10
42 7
339 10
382 10
150 10
383 10
43 0
44 1
45 0
46 1
47 0
48 1
49 2
50 0
51 1
52 0
53 1
54 0
55 0
56 1
410 3
58 0
59 1
60 0
61 1
62 0
64 0
65 1
66 1
67 0
68 0
69 1
419 8
529 7
214 8
72 6
968 8
969 8
154 4
77 7
78 7
81 7
83 7
84 7
857 7
858 7
859 7
231 7
232 8
461 8
462 8
463 8
464 8
465 8
466 8
467 8
468 8
779 8
413 8
85 7
86 1
87 0
88 1
89 1
91 0
92 1
93 1
267 10
268 10
269 10
95 6
97 0
98 1
99 0
576 9
577 9
578 9
458 8
440 9
103 0
104 0
105 1
107 0
108 1
109 1
110 0
112 1
111 1
113 0
114 1
116 0
120 2
121 1
117 1
118 1
119 1
122 0
123 1
124 1
125 0
126 1
127 1
129 8
132 1
133 2
402 3
403 3
404 3
405 4
406 3
407 3
134 0
135 1
136 1
137 1
138 1
139 1
140 1
141 0
144 1
145 1
143 1
146 0
147 1
149 1
151 1
152 0
153 1
155 1
754 4
160 0
161 1
164 0
165 1
167 0
168 1
169 0
170 1
171 0
172 1
173 1
174 2
175 3
176 0
177 1
178 1
179 6
180 1
181 2
975 3
974 3
359 3
182 0
183 1
184 0
185 2
186 1
187 0
188 1
189 0
190 1
191 0
192 1
193 1
194 2
195 0
196 1
197 1
198 5
200 1
201 2
202 0
203 0
343 6
344 6
345 6
205 1
389 10
390 9
207 0
208 1
209 0
210 0
215 0
216 1
217 1
218 2
222 0
224 1
225 1
226 2
223 1
227 0
228 1
229 1
233 0
234 0
235 1
236 0
237 1
238 0
239 1
240 0
241 1
243 1
245 1
246 0
247 1
248 2
249 0
251 1
252 0
253 2
254 1
257 0
259 1
258 1
260 0
261 1
262 0
263 1
582 7
448 6
449 6
418 6
451 6
452 6
453 6
454 6
455 6
450 6
456 6
270 0
272 1
273 1
274 1
271 1
275 0
276 1
277 0
278 1
279 0
280 1
281 0
282 1
285 1
286 0
287 1
293 0
294 1
295 3
296 4
297 1
298 1
299 0
300 1
301 0
302 1
303 0
304 1
305 0
306 1
307 1
308 0
309 1
310 0
311 1
312 0
313 1
314 2
315 1
316 0
317 1
319 1
322 6
323 7
428 6
429 6
430 6
431 6
432 6
433 6
320 0
324 1
325 0
326 1
327 0
328 0
329 1
330 0
331 1
332 1
333 1
334 0
335 1
336 0
337 0
338 0
340 1
347 0
348 1
352 0
353 1
355 1
358 0
360 0
361 1
362 0
363 1
364 0
365 1
366 1
367 0
368 1
369 1
370 0
371 0
372 1
373 0
374 1
375 0
376 1
377 0
378 1
379 2
380 0
381 1
385 0
386 1
387 0
388 1
391 0
392 0
393 1
394 0
395 1
396 0
400 1
401 1
397 1
398 1
399 1
512 5
508 4
509 4
510 4
511 4
408 0
409 1
411 0
414 0
416 2
415 1
421 1
422 1
423 0
424 1
425 2
426 1
427 0
434 0
435 2
436 1
438 0
439 1
441 0
442 1
443 1
444 1
445 0
446 1
457 0
459 0
460 1
469 0
475 1
470 1
471 1
472 1
473 1
474 1
476 0
477 1
478 1
479 0
480 1
481 0
482 1
483 0
486 0
488 1
489 0
490 1
491 0
492 1
493 1
494 0
495 1
496 0
497 1
498 1
499 0
500 0
501 0
502 0
503 0
504 1
505 1
507 0
515 0
516 1
517 0
518 1
519 0
520 1
521 0
522 1
523 0
524 1
525 0
526 1
527 0
528 1
530 0
531 1
532 1
533 0
534 0
536 1
535 1
537 0
538 0
539 1
540 0
541 1
542 2
543 0
544 0
545 1
546 0
547 1
548 0
550 0
551 1
552 0
553 1
554 1
555 1
557 1
558 1
559 1
560 1
561 1
562 1
563 1
564 1
565 1
566 1
567 0
568 1
570 0
571 0
572 1
573 1
574 0
575 1
579 0
580 1
581 1
583 0
584 1
585 0
586 1
587 0
588 0
589 0
590 1
595 1
596 0
597 1
599 0
600 1
601 2
602 0
603 1
604 0
606 0
607 1
608 1
610 1
612 0
613 1
614 0
615 1
616 0
617 0
618 0
619 1
620 0
621 0
622 1
623 0
624 1
625 0
626 1
627 1
628 1
629 0
630 0
632 1
631 2
633 0
634 1
635 0
640 1
641 1
642 1
643 1
636 1
637 1
638 1
639 1
645 0
646 1
647 2
648 0
649 1
650 0
651 1
652 1
654 0
656 1
655 1
657 0
658 0
660 1
661 0
662 0
663 1
664 0
665 1
666 0
667 0
668 1
669 0
670 1
671 1
672 1
673 0
674 1
675 1
676 0
677 1
678 1
679 1
680 0
681 1
682 0
683 1
686 1
687 0
688 0
689 1
690 1
691 0
692 0
693 0
694 1
695 0
696 1
697 1
698 0
699 1
700 0
701 1
702 0
703 1
704 0
705 0
706 1
707 0
708 1
713 0
714 1
717 0
718 1
719 0
720 0
721 1
722 0
727 0
728 1
729 0
730 1
731 1
732 2
733 0
734 1
735 0
737 0
738 1
739 0
740 1
742 0
743 1
744 0
745 0
746 1
747 0
748 1
749 0
750 0
752 0
753 0
755 0
756 1
757 0
758 1
759 0
760 1
761 0
762 0
763 1
764 0
765 0
766 2
767 1
768 1
769 0
771 0
772 0
773 1
774 0
775 1
776 0
777 1
778 0
781 0
782 1
784 0
787 0
788 0
789 1
790 2
791 0
792 0
793 1
794 1
795 1
797 0
798 1
799 0
800 0
801 1
802 0
803 0
804 1
805 1
806 0
807 1
808 0
809 1
810 0
811 0
812 1
813 1
814 0
815 0
816 1
817 0
818 1
819 1
820 1
821 1
822 0
823 0
824 1
827 0
828 0
829 1
831 0
832 1
836 0
840 0
841 0
842 0
843 0
844 1
845 0
846 0
847 0
848 0
849 1
850 0
851 0
852 1
853 0
854 1
855 0
856 1
860 0
861 1
862 0
863 0
864 1
865 0
866 1
867 0
868 0
869 1
870 0
871 1
873 0
874 1
875 0
876 1
877 1
878 0
879 0
880 1
881 0
882 0
883 0
884 1
885 0
886 0
887 1
888 0
889 1
890 0
891 1
892 0
893 1
894 0
895 1
896 0
897 1
898 0
899 0
900 1
901 0
902 1
903 0
904 1
906 0
907 0
908 0
909 1
910 0
911 1
912 0
914 0
915 1
916 0
917 1
918 0
919 1
920 0
921 1
922 0
923 1
924 0
925 1
956 0
957 0
958 0
960 1
961 1
962 1
963 1
964 1
965 1
966 1
959 1
967 1
970 1
971 0
972 1
973 0
976 0
977 1
978 1
979 0
980 0
981 1
982 0
983 1
984 1
985 0
986 0
987 0
988 0
989 0
990 1
991 0
992 0
993 0
994 0
995 1
996 0
997 1
998 0
999 0
1000 0
1001 0
1002 0
1003 0
1004 1
1006 0
1007 0
1008 1
1009 0
1010 1
1011 0
1012 0
1013 1
1014 0
1015 0
1016 0
1017 1
1018 0
1019 1
1020 0
1021 1
1022 0
1023 0
1024 1
1025 0
1026 1
1027 1
1028 0
1029 1
1030 1
1031 1
1032 1
1033 1
1034 1
1035 1
1036 0
1037 0
1038 0
1039 1
1040 0
1041 1
1042 0
1044 1
1043 1
1045 0
1046 1
1047 0
1048 0
1049 1
1050 0
1051 0
1052 1
1053 0
1056 1
1057 1
1054 1
1055 1
