0 0.667884942404 
1 17.2649936109 
2 35.4782004109 
3 12.6677522814 
4 21.6021121733 
5 0.194835955631 
6 18.2277045679 
7 23.2250305332 
8 37.4303202209 
9 19.5528368427 
10 29.002350153 
11 9.50606146361 
12 17.7174268019 
13 2.22130044462 
14 7.39808597159 
15 1.95539633357 
16 19.5285834609 
17 14.1953685622 
18 25.1268636825 
19 19.1385000223 
20 25.6616051986 
21 20.1874700009 
22 19.7979691001 
23 18.2989021026 
24 20.2294631589 
25 15.920131875 
26 20.8131996787 
27 20.4216720628 
28 30.5017662006 
29 18.2349906742 
30 20.0499595003 
31 32.8891030317 
32 15.028626201 
33 20.6314198811 
34 20.3625751823 
35 33.1031290983 
36 26.7009491978 
37 18.9636573386 
38 34.9141726551 
39 40.3655123988 
40 27.2997217486 
41 19.942980143 
42 30.1877121993 
43 0.194835955631 
44 18.2277045679 
45 0.194835955631 
46 18.2277045679 
47 -0.266126663419 
48 14.8233284224 
49 25.8335336782 
50 1.16029313148 
51 14.4889657348 
52 0.194835955631 
53 18.2277045679 
54 3.725119371 
55 3.28673293587 
56 14.4048334975 
57 27.4245259702 
58 -0.393940510898 
59 10.3476998516 
60 0.194835955631 
61 18.2277045679 
62 0.963845640984 
63 39.1578847948 
64 -1.00384942831 
65 13.1138500344 
66 11.1136852511 
67 3.5108998685 
68 0.194835955631 
69 18.2277045679 
70 12.0850991891 
71 31.8217318263 
72 21.4005813578 
73 29.1459266887 
74 11.3757972267 
75 25.788959039 
76 28.0314764221 
77 29.386055907 
78 31.3049573261 
79 24.6718366202 
80 28.2273084257 
81 29.3844431759 
82 24.2285428263 
83 29.714002618 
84 29.564642793 
85 26.22581353 
86 11.4276546788 
87 0.194835955631 
88 18.2277045679 
89 10.4740879372 
90 11.5007267809 
91 0.194835955631 
92 18.2277045679 
93 11.974846025 
94 32.1703365904 
95 22.8183673622 
96 11.2411693801 
97 0.194835955631 
98 18.2277045679 
99 3.4782113484 
100 34.9008101418 
101 11.312841487 
102 22.2185507156 
103 4.09710028038 
104 0.194835955631 
105 18.2277045679 
106 5.46637629777 
107 -0.247570488814 
108 16.0664213122 
109 15.7339623388 
110 -0.639918759946 
111 14.5259857321 
112 13.7744140401 
113 0.670148575539 
114 15.3359268803 
115 29.2229732375 
116 -1.46081463925 
117 12.565610021 
118 12.9909167206 
119 12.029935566 
120 22.9924655251 
121 11.4525661185 
122 -0.245144679002 
123 16.1116211581 
124 15.6957741879 
125 0.194835955631 
126 18.2277045679 
127 17.011061139 
128 26.6179620048 
129 27.4313442068 
130 37.4591385377 
131 11.7284109291 
132 10.8710458904 
133 24.0957052457 
134 -0.902439419047 
135 12.6042540806 
136 12.7218407964 
137 12.1048271785 
138 11.9117043336 
139 11.7147864213 
140 11.5290277972 
141 -0.869075113875 
142 39.128662973 
143 13.2551425644 
144 12.957546996 
145 13.628300289 
146 1.48839952459 
147 16.9934147734 
148 12.1784729746 
149 10.5479971045 
150 34.4780598848 
151 11.0457643021 
152 0.194835955631 
153 18.2277045679 
154 19.985828733 
155 8.69651647334 
156 23.5320153352 
157 11.5448479916 
158 29.0146348797 
159 11.9860992436 
160 0.534781576586 
161 14.0885460606 
162 4.72376148485 
163 4.882186061 
164 0.194835955631 
165 18.2277045679 
166 12.2556642606 
167 0.194835955631 
168 18.2277045679 
169 0.194835955631 
170 18.2277045679 
171 -0.252424473893 
172 15.8080021427 
173 15.9800011523 
174 24.9623608775 
175 29.3252292329 
176 -0.245144679002 
177 15.6957741879 
178 16.1116211581 
179 23.5323012492 
180 9.44014419535 
181 15.5505805265 
182 0.194835955631 
183 18.2277045679 
184 -0.795663093287 
185 25.0680671278 
186 14.1254176052 
187 1.36465282445 
188 16.0854141154 
189 0.194835955631 
190 18.2277045679 
191 0.194835955631 
192 18.2277045679 
193 11.1830049091 
194 21.1613451674 
195 -0.43537718751 
196 13.2152934408 
197 16.7546111125 
198 33.9479730078 
199 28.0091091309 
200 16.3119224584 
201 33.5671016203 
202 -0.163788119047 
203 2.17951892281 
204 22.6016498177 
205 13.5630158797 
206 29.3423535605 
207 0.194835955631 
208 18.2277045679 
209 13.754697734 
210 13.1187273462 
211 21.9185129254 
212 36.8638501931 
213 12.2099365587 
214 29.1109020766 
215 0.194835955631 
216 18.2277045679 
217 14.8227102304 
218 25.95125583 
219 13.4523763169 
220 11.389210232 
221 11.9689988823 
222 0.133610645169 
223 13.841555381 
224 13.9443531462 
225 12.5698200699 
226 26.6044935184 
227 0.194835955631 
228 18.2277045679 
229 11.498468084 
230 12.6728726824 
231 26.1867009885 
232 26.1887324118 
233 3.34811430614 
234 0.726516121407 
235 18.1824298926 
236 0.194835955631 
237 18.2277045679 
238 0.194835955631 
239 18.2277045679 
240 0.611223134958 
241 16.6788562591 
242 19.1815766888 
243 16.8620792367 
244 12.1887623257 
245 15.2662843297 
246 0.194835955631 
247 18.2277045679 
248 23.4828790927 
249 3.80962125304 
250 12.6255517569 
251 12.2763512291 
252 -0.652654580588 
253 24.6258456971 
254 14.0769787871 
255 4.76093776613 
256 10.6787761122 
257 0.0636062701175 
258 15.9699847978 
259 15.656818102 
260 0.194835955631 
261 18.2277045679 
262 0.830404176347 
263 14.0986737463 
264 27.1595766013 
265 7.81837883317 
266 12.6318819431 
267 32.6816046952 
268 33.2727546222 
269 32.7500754974 
270 -0.315384908387 
271 14.8084291906 
272 13.0354989626 
273 13.322761895 
274 13.0508814173 
275 0.194835955631 
276 18.2277045679 
277 0.194835955631 
278 18.2277045679 
279 0.194835955631 
280 18.2277045679 
281 0.194835955631 
282 18.2277045679 
283 10.9824271098 
284 21.6073240801 
285 14.2556137278 
286 0.194835955631 
287 18.2277045679 
288 26.1607573475 
289 12.3040869411 
290 11.7543943198 
291 11.3868857879 
292 11.8939026574 
293 0.194835955631 
294 18.2277045679 
295 21.8859005032 
296 30.2050223107 
297 12.9759226895 
298 14.2607444476 
299 0.00432842995911 
300 16.0441964779 
301 1.35767381121 
302 16.9153967584 
303 0.194835955631 
304 18.2277045679 
305 0.633224161269 
306 15.1756119157 
307 15.9547969282 
308 0.194835955631 
309 18.2277045679 
310 0.194835955631 
311 18.2277045679 
312 -0.32958847755 
313 12.8909203394 
314 21.4719167132 
315 11.8871700034 
316 -1.13839435411 
317 10.9868582405 
318 23.2667163763 
319 12.6526682152 
320 2.24770452483 
321 23.2010318519 
322 23.3294743465 
323 30.5432892616 
324 11.6656529403 
325 0.194835955631 
326 18.2277045679 
327 4.35561020089 
328 0.194835955631 
329 18.2277045679 
330 -0.630851271556 
331 14.7639158451 
332 14.1526910713 
333 14.472519875 
334 0.131146938644 
335 15.9791160455 
336 2.7535871306 
337 3.33478184064 
338 0.559175755888 
339 36.8642012369 
340 17.0024365788 
341 12.560611153 
342 12.3197817136 
343 21.2500519244 
344 24.0797176629 
345 25.3416888323 
346 12.1771939431 
347 0.194835955631 
348 18.2277045679 
349 9.20151366339 
350 11.83744793 
351 11.2545302887 
352 1.30848410566 
353 16.4584475255 
354 11.451964919 
355 11.2244069934 
356 35.8579554658 
357 12.4317935577 
358 3.71086203463 
359 18.7725635342 
360 0.194835955631 
361 18.2277045679 
362 0.194835955631 
363 18.2277045679 
364 0.194835955631 
365 18.2277045679 
366 16.3731688861 
367 0.194835955631 
368 18.2277045679 
369 15.7407737506 
370 3.67608248319 
371 0.194835955631 
372 18.2277045679 
373 3.9910094942 
374 11.6573015302 
375 0.194835955631 
376 18.2277045679 
377 -0.519047898983 
378 12.9357396585 
379 22.5839277726 
380 0.194835955631 
381 18.2277045679 
382 36.5230940901 
383 35.5210703036 
384 36.6570644009 
385 0.194835955631 
386 18.2277045679 
387 0.194835955631 
388 18.2277045679 
389 36.9048241163 
390 29.2042092463 
391 3.94457523779 
392 0.194835955631 
393 18.2277045679 
394 0.796615652171 
395 15.0150134954 
396 -1.23387442386 
397 12.7770350187 
398 12.4116093324 
399 12.4326566128 
400 12.4693461949 
401 13.130958317 
402 27.1049119864 
403 25.2286063674 
404 27.1126781857 
405 33.5409959628 
406 26.8883375217 
407 21.067240363 
408 0.194835955631 
409 18.2277045679 
410 24.7923470177 
411 2.37265583937 
412 12.4495833302 
413 24.7168078777 
414 -0.14524736624 
415 13.2289976651 
416 22.707397247 
417 12.5102486485 
418 16.4361937479 
419 35.7433662031 
420 11.9534617907 
421 10.0858967972 
422 9.74201411937 
423 -1.04837459796 
424 12.914218371 
425 23.9699953655 
426 14.2843861998 
427 4.11749433456 
428 21.1928559057 
429 25.4070396887 
430 25.2197344418 
431 25.1852030438 
432 25.216653516 
433 25.5115155389 
434 -0.246159114735 
435 23.3818665307 
436 13.4265215017 
437 12.4329428864 
438 3.81639004866 
439 17.0660680229 
440 34.6497598438 
441 -0.63829779026 
442 14.2669374513 
443 14.6929401295 
444 14.4044037635 
445 0.194835955631 
446 18.2277045679 
447 11.3786901377 
448 16.9071038601 
449 16.6902362977 
450 17.2324953717 
451 17.158970571 
452 16.6116603625 
453 16.8153582789 
454 16.8119947967 
455 16.9900934157 
456 16.5087716464 
457 3.2472327263 
458 31.0705821363 
459 0.194835955631 
460 18.2277045679 
461 29.6137634642 
462 28.9381006468 
463 29.4193355822 
464 29.3509490751 
465 29.4493055971 
466 29.2200293994 
467 29.5376401765 
468 29.5605799948 
469 -0.796964191623 
470 10.8538704834 
471 10.4143298891 
472 12.13793472 
473 10.3461046382 
474 12.4490223308 
475 10.3790221993 
476 0.194835955631 
477 18.2277045679 
478 12.5543869824 
479 0.0658643043825 
480 14.8095263961 
481 3.99603641469 
482 17.1323453649 
483 3.5703560694 
484 11.8999480985 
485 28.2503387931 
486 0.88336989082 
487 12.240948157 
488 16.633969649 
489 1.47556325518 
490 17.0342488094 
491 -0.151993260139 
492 13.6262809997 
493 15.7211088684 
494 3.07546860937 
495 17.0794667037 
496 -0.879954552098 
497 12.8956035713 
498 11.1195636426 
499 3.88322809299 
500 -0.216031280748 
501 4.01424811278 
502 4.33752647712 
503 -1.29574997056 
504 12.1893005093 
505 12.5169201921 
506 5.31237015149 
507 2.57644294904 
508 23.9229160763 
509 22.4821524718 
510 24.1586769216 
511 24.2258835581 
512 30.4360859138 
513 11.514720694 
514 12.4194279403 
515 0.224435870035 
516 15.8848014563 
517 0.194835955631 
518 18.2277045679 
519 0.194835955631 
520 18.2277045679 
521 0.194835955631 
522 18.2277045679 
523 -0.457721325387 
524 15.7077552316 
525 0.194835955631 
526 18.2277045679 
527 0.194835955631 
528 18.2277045679 
529 28.563988923 
530 0.194835955631 
531 18.2277045679 
532 16.8738197717 
533 -0.102412485999 
534 -0.253632200625 
535 15.9162312533 
536 15.8665147507 
537 0.529869235642 
538 0.194835955631 
539 18.2277045679 
540 3.56770290394 
541 11.6215064527 
542 23.5116176911 
543 0.0939394953788 
544 3.57255369198 
545 12.3284989221 
546 0.194835955631 
547 18.2277045679 
548 2.27547114979 
549 36.4171986753 
550 0.194835955631 
551 18.2277045679 
552 -2.4809944399 
553 8.17537393622 
554 9.48351590497 
555 8.28960866846 
556 38.9814833336 
557 9.30384772339 
558 8.0629508294 
559 8.89137008656 
560 10.1595781026 
561 8.94674046602 
562 9.63227712813 
563 9.7518391854 
564 8.07493677261 
565 9.01288796517 
566 8.37961681803 
567 0.194835955631 
568 18.2277045679 
569 21.948119913 
570 3.98690011302 
571 -1.3152936754 
572 12.6723378521 
573 12.076971411 
574 0.194835955631 
575 18.2277045679 
576 37.1590948904 
577 34.8911432736 
578 35.8226923784 
579 -0.250950782428 
580 16.0607868887 
581 15.7339402334 
582 25.6729892705 
583 1.6224439314 
584 17.0488905928 
585 0.194835955631 
586 18.2277045679 
587 3.88642262668 
588 3.70590612372 
589 0.194835955631 
590 18.2277045679 
591 11.4910152314 
592 12.3754754596 
593 11.3626556379 
594 11.4576646027 
595 10.5395313857 
596 0.194835955631 
597 18.2277045679 
598 11.3574286957 
599 -1.26428002068 
600 10.8023562765 
601 18.1644157428 
602 0.194835955631 
603 18.2277045679 
604 3.79926817668 
605 12.0719649594 
606 0.194835955631 
607 18.2277045679 
608 16.9828891677 
609 12.1300753531 
610 9.43654890884 
611 11.7342644768 
612 0.194835955631 
613 18.2277045679 
614 0.194835955631 
615 18.2277045679 
616 1.10562404388 
617 12.6620441335 
618 13.6071470406 
619 10.3558029366 
620 3.52193308777 
621 0.0781085740628 
622 16.8730611251 
623 1.07593836561 
624 16.8323673937 
625 -0.629793763403 
626 14.4048518931 
627 14.1441463034 
628 14.848297298 
629 2.07495777772 
630 -0.520464483476 
631 26.3086425777 
632 14.3849992604 
633 0.194835955631 
634 18.2277045679 
635 -2.00206016895 
636 11.8461811199 
637 11.5454471539 
638 10.4928387131 
639 10.9442609701 
640 10.8242601227 
641 10.0192591366 
642 11.2876632988 
643 10.13988898 
644 12.2025927248 
645 0.220026541948 
646 14.7857044065 
647 25.7062401906 
648 0.194835955631 
649 18.2277045679 
650 -0.243707594971 
651 15.658469719 
652 16.1541125185 
653 11.232311469 
654 -0.247846918011 
655 16.0462445962 
656 15.7524485383 
657 1.76384299434 
658 2.83032250559 
659 11.1557469215 
660 15.126344576 
661 -1.10925018215 
662 0.194835955631 
663 18.2277045679 
664 0.194835955631 
665 18.2277045679 
666 -4.54006169333 
667 0.194835955631 
668 18.2277045679 
669 0.919961615994 
670 14.2955021479 
671 12.6366157965 
672 10.264992208 
673 -0.0222733988052 
674 11.6040006988 
675 13.8729652495 
676 -0.628021719115 
677 14.1004338182 
678 14.4677279197 
679 14.8340736377 
680 0.996852063437 
681 17.7011390888 
682 0.890002685343 
683 16.8567094476 
684 11.0728173692 
685 21.8578966981 
686 14.3039750065 
687 4.01828795677 
688 -4.65904402869 
689 9.30428649869 
690 7.77261693262 
691 1.72148957573 
692 2.43111016539 
693 0.194835955631 
694 18.2277045679 
695 -0.251742763658 
696 16.0336028307 
697 15.7582990182 
698 0.194835955631 
699 18.2277045679 
700 0.194835955631 
701 18.2277045679 
702 0.194835955631 
703 18.2277045679 
704 4.05663175782 
705 0.194835955631 
706 18.2277045679 
707 0.194835955631 
708 18.2277045679 
709 12.2333475644 
710 12.2341256593 
711 7.27672146677 
712 5.40380917923 
713 0.194835955631 
714 18.2277045679 
715 4.63355162093 
716 12.6040156567 
717 0.194835955631 
718 18.2277045679 
719 3.81378944891 
720 0.809205997637 
721 18.017771033 
722 3.74131383502 
723 12.2852641141 
724 11.9574947934 
725 11.6809184265 
726 24.6429392201 
727 0.990608373941 
728 16.7902499995 
729 0.194835955631 
730 18.2277045679 
731 13.5260645507 
732 24.5300587923 
733 0.194835955631 
734 18.2277045679 
735 2.5554766277 
736 11.859828679 
737 0.194835955631 
738 18.2277045679 
739 1.03562687629 
740 17.6381818622 
741 34.5991275536 
742 0.194835955631 
743 18.2277045679 
744 0.995278415993 
745 0.194835955631 
746 18.2277045679 
747 0.194835955631 
748 18.2277045679 
749 0.659750258164 
750 0.947119982595 
751 28.9277923369 
752 4.37466523637 
753 1.14032239913 
754 20.7310351197 
755 1.22812101597 
756 16.8569631075 
757 0.194835955631 
758 18.2277045679 
759 0.194835955631 
760 18.2277045679 
761 1.12509559147 
762 -0.454109982725 
763 14.5523680099 
764 2.96161751648 
765 -0.291306380931 
766 25.7787579901 
767 14.7981019412 
768 17.2819630774 
769 2.59612215771 
770 11.6170309219 
771 1.36867887042 
772 0.194835955631 
773 18.2277045679 
774 0.194835955631 
775 18.2277045679 
776 1.8181385501 
777 14.395312526 
778 2.545846818 
779 27.197876831 
780 11.9828142056 
781 0.194835955631 
782 18.2277045679 
783 4.55975616734 
784 3.18182526641 
785 10.8822508135 
786 21.6171906089 
787 3.33355531677 
788 1.75795095426 
789 14.6343182066 
790 27.598970191 
791 1.13223647676 
792 -0.3500410119 
793 14.4426514733 
794 14.4727351379 
795 14.0330424466 
796 11.6968397506 
797 0.194835955631 
798 18.2277045679 
799 1.15710728565 
800 0.194835955631 
801 18.2277045679 
802 0.428116147313 
803 -0.251078917165 
804 15.7388141698 
805 16.0553979928 
806 3.98261093337 
807 11.9412209987 
808 0.194835955631 
809 18.2277045679 
810 0.887290066074 
811 0.194835955631 
812 18.2277045679 
813 10.7338270623 
814 3.34405729538 
815 0.194835955631 
816 18.2277045679 
817 0.194835955631 
818 18.2277045679 
819 13.1174862595 
820 12.7224337983 
821 12.3780335231 
822 -0.233573719511 
823 0.194835955631 
824 18.2277045679 
825 19.908387033 
826 13.1573662136 
827 3.58908678221 
828 0.194835955631 
829 18.2277045679 
830 11.4915469873 
831 0.194835955631 
832 18.2277045679 
833 12.6674190762 
834 11.8501678594 
835 12.5849935917 
836 1.74376408232 
837 11.4932015813 
838 12.4200298912 
839 12.1539788195 
840 0.352955917829 
841 2.54467682949 
842 0.327444155789 
843 0.194835955631 
844 18.2277045679 
845 2.96973343491 
846 -0.659906701846 
847 1.74990330579 
848 0.194835955631 
849 18.2277045679 
850 1.1089166338 
851 -0.270602308846 
852 13.2804745733 
853 0.194835955631 
854 18.2277045679 
855 0.194835955631 
856 18.2277045679 
857 26.5792124883 
858 26.6573798945 
859 26.8057473717 
860 0.194835955631 
861 18.2277045679 
862 -0.532133961641 
863 -0.111829792892 
864 14.1374978724 
865 0.194835955631 
866 18.2277045679 
867 1.15205222319 
868 0.194835955631 
869 18.2277045679 
870 0.486387332653 
871 15.9893277695 
872 12.0919010588 
873 0.194835955631 
874 18.2277045679 
875 -1.50813435734 
876 12.6015381129 
877 16.3624982375 
878 0.166827147418 
879 0.194835955631 
880 18.2277045679 
881 1.57661703711 
882 -0.526035149073 
883 0.194835955631 
884 18.2277045679 
885 1.08296428717 
886 0.194835955631 
887 18.2277045679 
888 0.194835955631 
889 18.2277045679 
890 0.618394046231 
891 14.0567975102 
892 0.510731324612 
893 14.2627505005 
894 0.194835955631 
895 18.2277045679 
896 0.194835955631 
897 18.2277045679 
898 0.430499850388 
899 0.194835955631 
900 18.2277045679 
901 0.194835955631 
902 18.2277045679 
903 0.194835955631 
904 18.2277045679 
905 27.1731865024 
906 1.19876394613 
907 3.51005412998 
908 0.194835955631 
909 18.2277045679 
910 0.194835955631 
911 18.2277045679 
912 0.0496170267466 
913 10.6158321826 
914 0.194835955631 
915 18.2277045679 
916 0.194835955631 
917 18.2277045679 
918 0.194835955631 
919 18.2277045679 
920 0.194835955631 
921 18.2277045679 
922 0.194835955631 
923 18.2277045679 
924 0.194835955631 
925 18.2277045679 
926 11.454373774 
927 11.4687885932 
928 11.0099080292 
929 11.4045719025 
930 10.8454846868 
931 11.299934359 
932 11.3568409011 
933 10.7632189222 
934 10.9417566351 
935 10.8352605158 
936 11.4566999208 
937 11.3628339761 
938 11.2657527845 
939 10.8663009626 
940 10.8934593379 
941 10.891704789 
942 11.5982374917 
943 11.0259519075 
944 12.1314261503 
945 11.7704003471 
946 11.6393347858 
947 11.2892943426 
948 12.1844857963 
949 11.9808162924 
950 12.6933814607 
951 10.2287507778 
952 11.0033656749 
953 22.119749951 
954 12.2555107125 
955 4.93818003364 
956 -1.49728213777 
957 4.02789946125 
958 -1.86113455368 
959 11.8577523421 
960 11.0969843532 
961 10.6717262309 
962 11.0561513727 
963 10.9132819216 
964 11.4796477515 
965 10.8032238487 
966 10.514048062 
967 15.2728675186 
968 29.8926234541 
969 30.0247640234 
970 11.1119941251 
971 0.194835955631 
972 18.2277045679 
973 -0.759624285231 
974 21.3413889647 
975 21.4500367266 
976 -0.251867166563 
977 15.7884054296 
978 16.0017240319 
979 1.90357352433 
980 0.194835955631 
981 18.2277045679 
982 -1.19970979238 
983 14.8615276858 
984 16.7845668354 
985 0.672826110524 
986 3.24940065619 
987 3.33148691568 
988 0.994947008947 
989 0.194835955631 
990 18.2277045679 
991 3.02512330326 
992 0.641209704449 
993 0.317628858729 
994 0.194835955631 
995 18.2277045679 
996 1.1197091885 
997 17.7953450035 
998 2.1190410841 
999 3.24188267912 
1000 0.551163602183 
1001 -0.136370982014 
1002 4.10084871086 
1003 0.194835955631 
1004 18.2277045679 
1005 29.432368405 
1006 -0.237436236477 
1007 0.194835955631 
1008 18.2277045679 
1009 0.194835955631 
1010 18.2277045679 
1011 3.13164623952 
1012 0.194835955631 
1013 18.2277045679 
1014 1.70270873049 
1015 -0.721389037684 
1016 0.194835955631 
1017 18.2277045679 
1018 0.194835955631 
1019 18.2277045679 
1020 0.527746289264 
1021 14.0459296373 
1022 -0.77287302227 
1023 0.194835955631 
1024 18.2277045679 
1025 -0.248438662789 
1026 16.0123650115 
1027 15.7831246552 
1028 -1.67001517698 
1029 11.4449754093 
1030 12.3299994297 
1031 11.3183437751 
1032 11.1157826775 
1033 11.8841393898 
1034 11.3453700806 
1035 11.0562858199 
1036 3.59715030986 
1037 3.40168692198 
1038 0.194835955631 
1039 18.2277045679 
1040 0.194835955631 
1041 18.2277045679 
1042 -0.800557950832 
1043 12.5061920896 
1044 12.3172211661 
1045 0.194835955631 
1046 18.2277045679 
1047 2.22726910432 
1048 0.194835955631 
1049 18.2277045679 
1050 -0.331406941654 
1051 -0.062593686945 
1052 14.7079197677 
1053 -0.956480569251 
1054 13.4681543673 
1055 13.21680278 
1056 13.8702498083 
1057 13.1842900105 
